26
6
12
61001202000402612102212251
62014263510141206020420121
02016012114211000011126214
11206211010631060311320223
25051405320005232104204030
50004000221203101523523112
22110250011021160244214125
61120026112322041214260000
00302201400220422110321316
22046401104203022010121210
11523211360060100200022225
00040103222252104410016011
24103201100120510450202261
14022164000510202420115020
16422001115000025612002110
21013212100011221245005102
21010211225220151012111002
00520110000421502621222262
24110110116201620111152651
61144200224012121120065121
12261140012206322212110600
12116140161121022043032210
21002010022122116204511222
50426202021251400120001321
12012215224022222011022020
52300102514220510324605121