26
2
12
12110100120000101101111001
10212020001100012011000000
00101211110100001001221112
00011210000211020020000001
11100110001011100001010012
10012000002011021022002011
10100100211100011210201001
11001100111101001010010020
11220011100200211012100210
00011002110100211200011010
02112100110001011001111111
11202110112101102110100010
00001101010210210021101110
11100201201000000112101102
10210010102111101110012001
10121001000201000210110210
00000101001211210002111011
22112220101000221001100000
20101112000001110111010110
21100000010100100000000010
00100001021201001101111010
01001011001120122001100111
01001111100102101100101111
10111011020010210111021101
12020002100111121100201001
11111111111100011200100000