26
9
12
23139280071300215171516101
32300342004025011470852110
11312201371607113271122213
11336121302411250311364011
32103110136630003111979322
92032232723903200005822301
03343083233402311310023000
40020133208122232083632226
11222100330103202139330225
21533829312316032156418215
10513010111113213230213026
13390310018139970333033942
66332711333133320080801920
02192002003403550181033225
26776132210018121110362260
01521035311360918750231213
12312022211761292009920601
10120601623313221200322690
33223020159001113013711312
11312013021050133840415200
24523103112420632327023732
11638224301335524333615312
32160600161031411360703000
59318613762010210010339190
00911324553328211224021030
09620391672333236230003394