26
3
12
00003000000002000202300002
00000003100301003030001000
10300000002000100000002101
00000000000103220100000030
12000003001300100000000000
30020000200000000003301000
30003000200012000020100301
20300330300021000000000000
30010300020320310201023202
23003000000200000000303021
00023100201022103202012000
33002000200000003000203300
30000020000003000000010010
02023100030000013000001201
10000320000000001020000000
00032000000000100000002000
03200010000000023000003000
00020002002000010021000000
32000000000000103223010000
21020223002030200000000020
00330333031000230023000030
02003010000213001230000000
00320100002100001303000002
00010003000301000200000001
01003000000000001001000032
10003000013200000220010000


26
9
12
12111008421170012417210401
41285245291098926210222950
09210221261039262405521252
20002183510100000222021121
16247202217286112122801882
31021180122020011032120411
25030151020220429121191322
21222190116269228269201291
16618119511191090002020011
20222235872010750922211291
18311703141700122112181502
17122230029202203711010303
42801829090728076012710012
01220208200110831220222121
09110020210102221203002402
22924111170056022812000220
84722009022702045802772611
14720241033112011160124261
52790121142013231026212221
71001101112270109122260495
11202201000404941027272000
21524226529802226110521010
31002120008021122222416013
31100242003100011181001141
07203860482020071710421843
01112102120020020211104062